Mean Vector: 
[[-3.05865907  1.99725418 -3.01718959]
 [ 2.95952114 -1.99505353  3.02177477]
 [-5.02006648 -0.00661555  4.9754049 ]
 [ 5.06447732 -0.05350295 -4.97002224]]
Covariance Matrix: 
[[[ 2.00674468 -0.04446989  0.0491091 ]
  [-0.04446989  0.4864583  -0.00786886]
  [ 0.0491091  -0.00786886  1.9490549 ]]

 [[ 1.98340337  0.01027339  0.01565171]
  [ 0.01027339  0.48927465  0.00875958]
  [ 0.01565171  0.00875958  1.97327905]]

 [[ 1.00316636 -0.01531495  0.0179644 ]
  [-0.01531495  0.4992612   0.00880399]
  [ 0.0179644   0.00880399  1.04930822]]

 [[ 1.00242168  0.04390829 -0.01571049]
  [ 0.04390829  0.52178039 -0.01045866]
  [-0.01571049 -0.01045866  0.94212556]]]
Ratio: 
 [[0.30193354]
 [0.39583235]
 [0.20112215]
 [0.10111196]]
